0 0.660156 0.742188 0.140625 0.140625 0.512186
0 0.740234 0.283203 0.152344 0.160156 0.658642
0 0.238281 0.759766 0.132812 0.128906 0.683176
0 0.345703 0.191406 0.128906 0.125 0.699128
0 0.654297 0.630859 0.121094 0.113281 0.726081
0 0.753906 0.679688 0.132812 0.132812 0.745073
0 0.876953 0.894531 0.121094 0.125 0.758799
0 0.542969 0.478516 0.132812 0.136719 0.76119
0 0.527344 0.253906 0.125 0.132812 0.776577
0 0.544922 0.654297 0.105469 0.113281 0.803415
0 0.697266 0.509766 0.136719 0.136719 0.844401
